12360 162 1
12360 5922 1
2650 260 1
2650 2535 1
2650 2543 1
2650 2547 1
2650 2566 1
2650 2570 1
2650 2581 1
2650 2588 1
2650 2597 1
2650 2612 1
2650 2624 1
2650 2627 1
2650 2628 1
2650 2639 1
2650 2641 1
2650 2642 1
2650 2643 1
2650 2647 1
2650 2649 1
2650 2677 1
2650 2680 1
2650 2689 1
2650 2710 1
2650 2734 1
2650 2737 1
2650 2742 1
2650 2751 1
2650 2760 1
2650 9871 1
2650 14278 1
2650 14306 1
2650 14660 1
2650 15048 1
6962 102 1
6962 178 1
6962 218 1
6962 3718 1
6962 4968 1
6962 5621 1
6962 5831 1
6962 5985 1
6962 6702 1
6962 6719 1
6962 6720 1
6962 6929 1
6962 6936 1
6962 6937 1
6962 6938 1
6962 7021 1
6962 7713 1
6962 7981 1
6962 8222 1
3302 72 1
3302 3322 1
3302 5424 1
5907 1189 1
5907 5599 1
5907 5610 1
5907 5630 1
5907 5634 1
5907 5668 1
5907 5872 1
5907 5911 1
5907 6601 1
5907 6731 1
5907 6932 1
5907 6956 1
5907 7036 1
5907 7088 1
5907 7197 1
5907 7208 1
5907 7893 1
5907 8668 1
5907 8722 1
5907 8902 1
5907 8976 1
5907 10364 1
5907 10377 1
5907 10400 1
5907 10403 1
5907 10420 1
5907 10587 1
5907 10888 1
5907 11284 1
5907 11612 1
5907 12323 1
5907 12339 1
5907 12374 1
5907 12403 1
5907 13302 1
10078 118 1
10078 170 1
10078 5581 1
10078 5594 1
10078 8241 1
10078 8473 1
10078 10092 1
10078 10472 1
3171 3177 1
10203 2609 1
10475 102 1
10475 106 1
10475 129 1
10475 7213 1
10475 8946 1
10475 10461 1
1235 2471 1
1235 2476 1
1235 2835 1
1235 4697 1
1235 8555 1
1235 11522 1
11142 2687 1
11142 10528 1
11142 11141 1
11142 14608 1
11882 5614 1
8084 124 1
8084 5778 1
10584 7016 1
10584 9983 1
10584 10349 1
10584 10486 1
10584 11441 1
10584 12177 1
5041 15017 1
7417 1282 1
7417 2068 1
7417 3050 1
7417 3052 1
7417 3059 1
7417 3062 1
7417 3069 1
7417 3098 1
7417 3099 1
7417 7319 1
7417 7336 1
7417 7353 1
7417 7403 1
7417 7412 1
7417 7431 1
7417 7432 1
7417 7434 1
7417 7443 1
7417 7444 1
7417 7462 1
7417 7465 1
7417 7472 1
7417 7480 1
7417 7491 1
7417 7516 1
7417 7524 1
7417 7545 1
7417 7548 1
7417 7553 1
7417 7564 1
7417 7597 1
7417 7602 1
7417 7627 1
7417 14813 1
1555 25 1
155 4744 1
155 7086 1
155 8819 1
155 9392 1
155 9466 1
155 9468 1
155 9469 1
155 9472 1
155 9476 1
155 9478 1
155 9479 1
155 9481 1
155 9482 1
155 9483 1
155 9488 1
155 9489 1
155 9491 1
155 9492 1
155 9493 1
155 9496 1
155 9501 1
13217 1947 1
13217 3596 1
13217 4630 1
13217 7436 1
13217 11589 1
13217 13058 1
943 28 1
943 635 1
943 1138 1
943 1277 1
943 1341 1
943 1664 1
943 1744 1
943 1769 1
943 1945 1
943 2074 1
943 2369 1
943 2400 1
943 2425 1
943 3187 1
943 3229 1
943 3629 1
943 3722 1
943 4075 1
943 4526 1
943 4529 1
943 4543 1
943 4565 1
943 4744 1
943 4836 1
943 5014 1
943 5038 1
943 5046 1
943 5514 1
943 5898 1
943 6011 1
943 6552 1
943 6661 1
943 6866 1
943 6876 1
943 7466 1
943 7467 1
943 7588 1
943 7699 1
943 8187 1
943 8198 1
943 8353 1
943 11331 1
943 11713 1
943 12681 1
943 12751 1
943 13097 1
943 13243 1
943 14146 1
943 14646 1
943 14715 1
8066 124 1
8066 4559 1
8066 8060 1
8066 8065 1
9899 7011 1
9899 7912 1
9899 8782 1
9899 9115 1
9899 9357 1
9899 9933 1
9899 10004 1
9899 10544 1
9899 12422 1
11002 401 1
5014 4487 1
5014 4596 1
5014 4977 1
1049 333 1
1049 5147 1
1049 5153 1
1049 5171 1
1049 5220 1
9314 8352 1
9314 14124 1
9314 14133 1
2979 1274 1
2979 1275 1
2979 1276 1
2979 2960 1
2979 2967 1
2979 2981 1
2979 2985 1
2979 2990 1
2979 2994 1
2979 2999 1
2979 3003 1
2979 4981 1
9678 10816 1
11559 11766 1
5664 106 1
5664 107 1
5664 111 1
5664 129 1
5664 133 1
5664 138 1
5664 143 1
5664 158 1
5664 162 1
5664 187 1
5664 2683 1
5664 3252 1
5664 5695 1
5664 5696 1
5664 5847 1
5664 5848 1
5664 5981 1
5664 6086 1
5664 6104 1
5664 6707 1
5664 6790 1
5664 6791 1
5664 6810 1
5664 6817 1
5664 6967 1
5664 6972 1
5664 6998 1
5664 7074 1
5664 7106 1
5664 7288 1
5664 7654 1
5664 8115 1
5664 8222 1
5664 8369 1
5664 8714 1
5664 8818 1
5664 8861 1
5664 8875 1
5664 8883 1
5664 8969 1
5664 8974 1
5664 9425 1
5664 9472 1
5664 9886 1
5664 9991 1
5664 10354 1
5664 10457 1
5664 10709 1
5664 11299 1
5664 12414 1
5664 12446 1
5664 13318 1