0
1
2
3
5
6
7
8
10
11
13
14
15
16
17
18
19
20
21
23
25
26
27
29
30
31
32
35
36
37
39
40
41
42
43
44
45
46
47
48
49
51
52
53
54
55
56
57
58
60
61
63
64
66
67
68
69
70
72
73
74
75
77
78
79
80
83
84
85
86
87
88
90
93
94
95
96
97
98
99
102
103
104
105
106
107
108
111
112
113
114
115
116
118
119
121
125
126
127
128
129
130
131
132
133
136
138
140
141
142
143
144
145
147
148
149
150
151
152
153
154
156
157
158
159
160
161
162
163
165
166
167
168
169
170
171
174
175
176
178
180
181
183
184
185
186
187
188
189
190
191
192
193
194
196
197
198
199
201
202
203
204
206
207
208
209
210
211
212
213
216
217
218
219
220
221
223
224
225
226
227
228
229
230
231
234
235
236
237
239
240
241
242
243
244
245
246
247
248
250
251
253
255
256
258
259
260
261
262
263
264
265
266
268
269
270
271
272
273
275
276
278
280
281
282
283
285
286
287
288
289
290
291
293
294
295
296
298
299
300
301
303
304
305
306
307
308
309
310
311
312
313
314
316
317
318
319
320
321
322
323
324
326
327
328
330
331
333
335
336
337
338
340
341
342
344
346
349
350
351
352
353
355
356
357
359
360
361
363
365
366
367
368
370
372
373
374
375
377
378
379
380
381
382
383
384
385
386
388
389
390
392
393
394
395
396
397
398
400
402
404
405
406
407
408
409
410
411
412
414
415
416
417
418
419
420
421
422
423
424
425
427
430
431
432
433
434
435
436
437
438
439
440
442
443
444
445
446
447
448
450
451
453
454
455
456
457
458
459
460
461
462
463
464
466
468
470
472
473
474
476
477
479
480
482
483
484
485
486
487
488
489
490
491
492
493
494
495
496
498
499
500
501
502
503
504
505
506
507
508
509
511
512
513
516
519
521
522
526
527
528
529
530
531
532
533
534
535
536
538
539
540
542
543
544
545
546
547
548
549
550
551
553
554
557
558
559
560
561
562
564
565
567
568
569
570
571
573
574
575
576
578
579
581
582
583
584
585
586
587
588
589
590
591
592
594
596
597
598
599
600
601
602
603
604
605
606
607
608
609
610
611
612
613
616
617
619
620
621
622
623
624
625
626
627
628
629
630
631
632
633
634
636
637
638
639
640
641
642
643
644
645
646
647
648
652
653
654
655
656
660
661
662
663
665
667
672
674
675
677
678
679
680
682
683
684
685
686
688
689
690
691
692
693
694
695
696
698
699
702
703
704
705
706
707
708
709
710
712
713
714
716
718
719
720
722
723
724
725
726
727
728
729
731
732
733
734
735
738
739
740
741
742
743
744
746
748
749
750
751
753
754
756
757
758
760
761
762
764
765
766
767
768
769
770
771
772
773
774
775
776
777
778
779
780
781
782
783
784
786
787
788
789
790
791
793
794
796
797
798
799
800
801
804
805
806
807
808
809
811
812
814
815
816
817
818
819
821
822
824
825
826
827
828
829
830
831
832
833
834
835
836
837
840
841
842
843
845
846
847
848
849
850
851
852
853
856
857
860
861
862
863
864
865
866
867
868
869
870
871
873
874
875
876
878
879
880
881
882
883
884
885
887
888
889
890
891
892
894
898
899
900
901
902
903
904
905
907
911
912
915
916
917
918
919
920
921
923
927
928
929
930
931
932
933
935
936
937
938
939
941
944
945
946
947
949
950
951
952
953
954
955
956
957
958
959
960
961
962
963
964
965
966
967
968
969
971
973
974
975
976
977
979
980
981
982
984
985
986
988
989
991
993
994
995
996
998
1000
1001
1002
1003
1004
1005
1006
1007
1008
1009
1011
1012
1013
1016
1017
1019
1021
1022
1023
1024
1025
1026
1028
1029
1032
1033
1034
1036
1037
1038
1040
1041
1042
1043
1045
1047
1048
1049
1050
1051
1053
1054
1056
1058
1061
1063
1064
1065
1066
1067
1069
1070
1071
1072
1073
1074
1075
1076
1077
1078
1080
1082
1084
1085
1088
1090
1091
1092
1093
1094
1095
1096
1097
1098
1099
1100
1101
1102
1103
1104
1105
1106
1108
1109
1110
1111
1114
1116
1117
1118
1119
1122
1123
1124
1125
1126
1127
1128
1129
1131
1133
1134
1135
1136
1137
1138
1139
1140
1141
1142
1143
1145
1146
1147
1149
1151
1152
1153
1154
1155
1156
1157
1158
1161
1163
1164
1167
1168
1169
1170
1171
1172
1173
1175
1176
1177
1178
1180
1181
1183
1184
1185
1186
1187
1188
1189
1190
1191
1194
1195
1196
1197
1198
1199
1200
1202
1203
1204
1205
1207
1208
1211
1212
1214
1215
1217
1218
1220
1221
1223
1224
1225
1226
1228
1229
1230
1231
1233
1234
1236
1237
1239
1242
1243
1244
1246
1247
1248
1250
1251
1253
1254
1255
1256
1257
1258
1259
1261
1262
1263
1264
1265
1266
1267
1270
1271
1273
1275
1276
1277
1278
1279
1280
1281
1282
1283
1284
1286
1287
1288
1289
1290
1291
1292
1293
1296
1297
1298
1299
1302
1303
1304
1305
1306
1307
1309
1310
1311
1312
1313
1314
1315
1316
1317
1318
1320
1322
1326
1327
1328
1330
1331
1332
1333
1335
1337
1338
1341
1342
1343
1344
1345
1346
1348
1349
1350
1351
1352
1354
1355
1356
1357
1358
1360
1361
1363
1364
1365
1366
1367
1368
1369
1370
1371
1372
1374
1375
1376
1377
1378
1379
1380
1381
1382
1383
1384
1385
1387
1388
1389
1390
1391
1392
1393
1394
1395
1396
1397
1399
1401
1402
1403
1404
1407
1408
1409
1410
1411
1413
1414
1415
1416
1417
1418
1419
1420
1421
1423
1424
1426
1429
1430
1433
1434
1436
1439
1440
1441
1442
1444
1446
1448
1451
1452
1453
1454
1455
1456
1457
1459
1460
1461
1462
1463
1464
1465
1466
1467
1468
1469
1470
1471
1473
1474
1475
1476
1478
1481
1482
1483
1484
1485
1486
1487
1488
1489
1490
1491
1493
1495
1496
1497
1498
1499
1501
1503
1505
1506
1507
1508
1509
1510
1511
1514
1515
1517
1518
1519
1521
1522
1523
1525
1526
1527
1528
1529
1530
1531
1532
1533
1534
1535
1536
1537
1538
1539
1540
1541
1542
1543
1546
1547
1548
1550
1551
1552
1553
1555
1556
1557
1558
1559
1560
1561
1562
1563
1564
1565
1566
1567
1568
1569
1570
1573
1574
1575
1576
1577
1578
1579
1580
1581
1582
1584
1585
1586
1587
1588
1589
1590
1591
1592
1594
1595
1596
1597
1599
1600
1601
1602
1603
1604
1605
1607
1608
1610
1611
1614
1616
1617
1618
1619
1620
1621
1622
1623
1625
1626
1627
1628
1630
1631
1633
1634
1635
1636
1637
1639
1641
1643
1644
1646
1647
1648
1650
1651
1652
1653
1654
1655
1656
1657
1658
1659
1660
1661
1664
1665
1666
1667
1668
1669
1670
1671
1672
1673
1674
1675
1677
1679
1680
1681
1682
1683
1684
1685
1686
1687
1689
1691
1692
1693
1694
1695
1696
1698
1699
1700
1702
1703
1704
1705
1706
1709
1710
1711
1712
1713
1714
1715
1716
1717
1718
1719
1720
1721
1722
1723
1724
1728
1729
1730
1731
1735
1736
1737
1738
1739
1740
1741
1742
1743
1744
1745
1746
1747
1748
1749
1750
1751
1752
1753
1754
1755
1757
1758
1760
1761
1762
1763
1764
1765
1767
1768
1770
1771
1772
1773
1774
1775
1776
1777
1779
1780
1781
1782
1784
1785
1787
1788
1789
1790
1791
1792
1793
1794
1796
1797
1798
1799
1800
1801
1802
1803
1804
1805
1807
1808
1810
1811
1813
1814
1815
1817
1819
1820
1821
1822
1823
1826
1827
1828
1830
1831
1832
1833
1834
1835
1836
1839
1840
1841
1842
1843
1844
1845
1846
1847
1848
1850
1851
1852
1853
1855
1856
1857
1858
1859
1860
1861
1862
1863
1864
1865
1866
1867
1868
1869
1870
1872
1873
1875
1876
1877
1878
1879
1880
1881
1882
1883
1884
1887
1888
1889
1890
1891
1893
1894
1895
1897
1898
1899
1900
1901
1902
1903
1905
1908
1910
1911
1912
1914
1915
1916
1917
1918
1919
1920
1921
1922
1923
1924
1928
1929
1930
1931
1932
1933
1934
1935
1936
1937
1938
1940
1941
1942
1943
1947
1948
1950
1951
1953
1954
1955
1956
1957
1958
1960
1961
1962
1963
1965
1966
1967
1968
1969
1970
1971
1972
1973
1974
1975
1976
1978
1981
1982
1984
1985
1986
1987
1988
1989
1990
1991
1993
1994
1995
1996
1997
1999
2000
2001
2003
2004
2005
2006
2007
2008
2011
2014
2015
2016
2018
2019
2021
2022
2023
2024
2026
2027
2029
2030
2031
2033
2034
2035
2036
2037
2039
2041
2042
2043
2044
2046
2047
2048
2050
2052
2053
2054
2055
2057
2058
2059
2060
2062
2063
2064
2065
2066
2067
2068
2069
2072
2073
2074
2075
2076
2077
2078
2080
2081
2082
2083
2084
2085
2086
2087
2088
2091
2093
2094
2097
2099
2100
2101
2102
2104
2105
2106
2107
2108
2109
2110
2111
2112
2114
2117
2118
2119
2120
2121
2122
2123
2124
2125
2126
2127
2128
2130
2131
2132
2134
2137
2139
2140
2141
2142
2144
2145
2146
2147
2148
2149
2151
2153
2155
2156
2157
2158
2159
2160
2161
2165
2166
2168
2169
2170
2172
2173
2174
2175
2176
2177
2181
2182
2184
2185
2186
2188
2189
2190
2191
2193
2194
2196
2197
2199
2200
2201
2202
2204
2205
2206
2207
2209
2210
2211
2212
2214
2215
2216
2217
2219
2220
2222
2223
2224
2225
2226
2227
2228
2229
2230
2231
2232
2233
2234
2236
2237
2238
2239
2240
2241
2243
2244
2245
2246
2247
2248
2249
2250
2251
2252
2253
2254
2255
2256
2258
2260
2261
2262
2264
2265
2266
2267
2268
2269
2270
2271
2272
2273
2275
2276
2277
2279
2280
2281
2282
2284
2285
2286
2289
2290
2292
2293
2294
2295
2296
2297
2298
2299
2300
2301
2302
2304
2305
2306
2308
2309
2310
2311
2312
2313
2314
2315
2316
2317
2318
2320
2321
2322
2323
2324
2325
2326
2327
2328
2329
2330
2331
2332
2334
2335
2336
2337
2338
2339
2340
2341
2342
2343
2344
2346
2347
2348
2350
2352
2353
2354
2357
2358
2359
2360
2361
2363
2364
2365
2367
2368
2369
2370
2371
2373
2374
2375
2376
2378
2379
2380
2381
2382
2384
2385
2388
2390
2391
2392
2393
2394
2396
2397
2398
2399
2400
2402
2404
2406
2407
2408
2409
2410
2411
2413
2414
2415
2416
2417
2418
2419
2420
2421
2422
2423
2425
2426
2427
2428
2429
2430
2432
2433
2434
2435
2436
2440
2441
2442
2443
2444
2445
2446
2447
2448
2449
2450
2451
2452
2453
2454
2455
2456
2458
2459
2460
2461
2462
2464
2466
2468
2469
2470
2471
2472
2473
2474
2475
2477
2478
2479
2480
2481
2482
2483
2484
2485
2486
2487
2488
2490
2491
2492
2493
2494
2495
2496
2497
2498
2501
2502
2503
2504
2505
2506
2507
2508
2509
2510
2511
2512
2514
2516
2517
2518
2519
2520
2521
2522
2523
2526
2528
2530
2531
2533
2534
2535
2536
2537
2538
2539
2540
2541
2542
2543
2545
2546
2547
2548
2549
2550
2551
2552
2553
2554
2555
2556
2557
2558
2559
2560
2562
2563
2565
2566
2567
2568
2569
2570
2571
2572
2573
2574
2576
2577
2578
2579
2580
2581
2582
2583
2584
2585
2586
2587
2588
2589
2591
2592
2593
2594
2596
2597
2598
2599
2600
2601
2602
2603
2604
2605
2606
2608
2609
2610
2611
2612
2613
2614
2616
2617
2619
2621
2623
2624
2625
2628
2629
2630
2632
2633
2634
2635
2636
2637
2638
2639
2640
2641
2642
2643
2644
2645
2648
2649
2650
2651
2652
2653
2654
2655
2656
2657
2658
2660
2663
2664
2665
2666
2667
2669
2670
2671
2672
2673
2674
2675
2677
2678
2679
2680
2681
2682
2683
2684
2685
2686
2687
2688
2689
2690
2691
2692
2693
2697
2698
2699
2700
2704
2705
2706
2707
2708
2710
2712
2713
2714
2715
2716
2717
2718
2719
2720
2721
2722
2723
2724
2725
2726
2727
2728
2729
2730
2731
2732
2733
2734
2736
2737
2738
2739
2741
2742
2743
2744
2745
2746
2747
2748
2749
2750
2752
2753
2754
2756
2758
2759
2761
2762
2763
2765
2766
2767
2768
2769
2771
2772
2773
2774
2775
2776
2777
2779
2781
2782
2783
2785
2786
2787
2788
2789
2790
2791
2792
2793
2794
2795
2796
2797
2798
2799
2800
2801
2802
2803
2804
2805
2806
2807
2809
2811
2813
2814
2817
2818
2820
2823
2824
2825
2826
2827
2828
2829
2830
2831
2832
2833
2836
2837
2838
2839
2840
2841
2842
2843
2844
2845
2846
2847
2848
2849
2850
2851
2853
2854
2855
2857
2858
2859
2860
2861
2862
2863
2864
2865
2866
2867
2868
2869
2870
2871
2873
2874
2875
2876
2877
2878
2880
2881
2882
2883
2884
2885
2886
2887
2888
2889
2890
2891
2892
2893
2894
2895
2896
2897
2898
2899
2900
2901
2902
2904
2905
2906
2907
2908
2909
2910
2911
2912
2913
2914
2917
2918
2919
2921
2923
2924
2925
2926
2927
2928
2930
2931
2932
2933
2934
2935
2937
2939
2941
2942
2943
2944
2945
2946
2947
2948
2949
2950
2951
2952
2953
2954
2955
2956
2957
2958
2959
2961
2963
2964
2966
2970
2971
2973
2974
2976
2977
2978
2979
2980
2981
2982
2985
2986
2987
2988
2989
2990
2991
2992
2993
2994
2995
2996
2997
2998
2999
3000
3001
3002
3003
3004
3005
3006
3008
3010
3011
3012
3013
3014
3015
3016
3017
3018
3019
3020
3021
3022
3023
3024
3025
3028
3030
3032
3033
3035
3037
3038
3039
3041
3042
3043
3044
3045
3046
3047
3048
3049
3052
3053
3055
3056
3057
3059
3060
3061
3062
3063
3065
3066
3067
3068
3071
3072
3074
3076
3079
3080
3081
3082
3083
3084
3085
3086
3087
3088
3089
3090
3092
3093
3094
3095
3096
3098
3099
3101
3102
3103
3104
3105
3106
3107
3109
3110
3112
3113
3114
3115
3116
3119
3120
3121
3122
3123
3124
3126
3127
3128
3131
3134
3135
3136
3137
3138
3140
3141
3143
3144
3148
3149
3150
3151
3152
3153
3155
3156
3157
3158
3159
3160
3161
3162
3163
3164
3165
3166
3167
3168
3169
3170
3171
3172
3174
3175
3176
3177
3178
3179
3180
3182
3184
3185
3186
3187
3188
3189
3191
3193
3194
3195
3197
3199
3200
3201
3202
3203
3206
3207
3209
3211
3212
3213
3214
3215
3216
3218
3219
3220
3221
3222
3224
3225
3227
3230
3231
3232
3233
3234
3237
3238
3239
3240
3243
3244
3245
3246
3247
3248
3249
3250
3251
3254
3255
3256
3259
3260
3261
3262
3263
3264
3265
3266
3267
3268
3269
3270
3271
3272
3273
3275
3276
3278
3279
3280
3281
3282
3283
3284
3285
3286
3287
3288
3289
3291
3293
3295
3296
3297
3298
3299
3300
3301
3302
3303
3304
3305
3306
3307
3309
3310
3311
3312
3314
3315
3317
3318
3321
3322
3323
3324
3325
3326
3327
3328
3331
3332
3333
3334
3336
3338
3339
3341
3343
3345
3347
3348
3350
3351
3352
3353
3354
3356
3357
3359
3360
3363
3364
3365
3366
3367
3368
3369
3370
3371
3373
3375
3376
3377
3378
3381
3382
3383
3384
3385
3386
3387
3388
3389
3390
3391
3392
3393
3394
3395
3396
3397
3398
3399
3400
3401
3403
3404
3405
3406
3409
3410
3411
3412
3413
3414
3415
3416
3417
3418
3420
3421
3422
3424
3425
3426
3427
3428
3429
3430
3432
3433
3434
3436
3437
3438
3439
3440
3441
3443
3444
3447
3449
3451
3452
3453
3454
3455
3456
3458
3460
3461
3463
3464
3466
3467
3468
3469
3471
3473
3474
3476
3477
3478
3479
3480
3481
3482
3484
3487
3488
3489
3490
3491
3492
3493
3494
3495
3496
3497
3498
3499
3500
3501
3504
3506
3507
3508
3510
3511
3513
3514
3515
3517
3518
3519
3520
3521
3522
3523
3524
3526
3527
3528
3530
3531
3533
3534
3535
3536
3537
3538
3539
3540
3541
3542
3543
3544
3545
3546
3547
3548
3551
3552
3554
3556
3557
3558
3559
3561
3563
3564
3565
3567
3568
3569
3570
3572
3573
3574
3575
3576
3577
3578
3579
3580
3581
3582
3583
3584
3586
3587
3588
3589
3590
3591
3592
3593
3594
3595
3596
3597
3598
3599
3600
3601
3602
3604
3605
3606
3607
3608
3609
3610
3612
3615
3617
3618
3619
3620
3622
3623
3624
3625
3626
3627
3629
3630
3631
3632
3633
3635
3636
3638
3639
3640
3641
3642
3643
3644
3645
3646
3647
3648
3649
3650
3653
3654
3655
3656
3657
3658
3659
3660
3661
3662
3664
3665
3666
3667
3668
3669
3670
3671
3672
3673
3674
3676
3677
3678
3679
3680
3681
3682
3683
3684
3687
3688
3689
3690
3692
3694
3696
3697
3698
3699
3700
3701
3702
3703
3704
3705
3707
3708
3710
3711
3712
3713
3715
3716
3717
3718
3720
3721
3723
3725
3726
3728
3729
3730
3731
3732
3733
3734
3735
3736
3737
3739
3740
3741
3742
3743
3744
3745
3747
3748
3749
3751
3752
3753
3755
3756
3757
3758
3759
3760
3761
3762
3763
3764
3765
3766
3768
3769
3771
3772
3773
3774
3775
3776
3777
3778
3780
3781
3782
3784
3786
3788
3789
3790
3793
3794
3795
3796
3797
3798
3801
3803
3805
3806
3807
3808
3809
3810
3812
3813
3814
3815
3816
3817
3818
3819
3820
3821
3822
3823
3824
3825
3826
3827
3828
3830
3831
3832
3833
3834
3835
3836
3837
3839
3841
3842
3843
3844
3846
3847
3848
3850
3851
3853
3854
3855
3856
3857
3858
3859
3860
3862
3863
3864
3865
3868
3870
3871
3872
3873
3874
3875
3876
