9383
9916
4887
5730
7254
10132
2048
4813
1906
2563
11393
10936
10756
4873
4452
11762
7424
54
9045
12198
3225
7362
160
2405
4960
11249
3719
5747
7448
3834
7392
1474
6797
8814
10497
8976
4585
863
11481
386
3468
12269
7802
767
11169
218
9821
9486
309
5250
8739
12385
11817
8743
1332
8179
5419
11997
3202
6442
9323
11374
7729
2057
6117
8472
6670
11208
5605
8747
12857
1027
1516
6763
1002
6871
6687
8711
1751
1352
7482
106
2711
8117
12075
7621
6563
12711
4809
12050
3655
3301
3961
5336
10293
11067
1506
117
378
8402
7759
570
10529
11236
6948
5768
3142
10933
4956
3762
8719
2168
10433
2899
12326
6994
8054
4028
3779
12090
3390
8264
11015
3112
8957
8797
4385
12645
8368
9178
4869
5170
10377
10081
12847
6964
11045
2205
10407
9876
9379
2997
9119
11607
10452
5310
5585
12264
8339
4405
12510
3412
1287
10632
9812
6587
8342
9007
4485
9422
12572
5858
4936
5958
1707
8241
72
1499
7771
10942
6676
12165
6706
10842
925
1144
7460
7304
1698
11036
12404
10482
1804
6079
4626
1565
9033
1428
4596
12640
12161
2361
9656
11978
7417
3256
2128
5925
10261
3482
900
6415
81
5700
5011
9214
5719
4479
9238
9859
3745
5540
3263
2585
3125
12691
2393
575
6273
11081
2465
2470
6720
5623
4254
6467
9107
2049
9117
5554
8454
7810
1059
6819
3774
7195
10814
7416
11631
11628
9729
7969
8295
6239
10060
1844
3927
7762
4892
7952
3789
8393
2285
12641
2148
8539
3210
3308
3454
5405
8925
7161
2163
9282
6383
5829
92
11789
4241
10964
12523
10633
4301
10645
3455
7278
4297
6119
4619
5532
4466
8619
12741
5811
9318
1381
7153
8638
3865
6435
4092
3776
5027
5097
3765
2777
6510
9022
11473
2905
3591
8975
2046
11360
2293
8817
8385
7175
3237
4390
419
11493
7529
3895
4627
806
11995
5663
8844
643
6878
2581
10659
11216
6295
7596
2950
987
2355
3320
12861
5667
12577
2802
6028
7503
377
12694
7003
8106
4109
10053
2572
2837
3223
3311
7285
11363
5682
8471
4318
7073
12044
8704
10811
12871
3251
2704
5869
857
489
1393
8501
3445
6574
705
5782
10103
693
11822
11714
11658
3026
8009
9748
1962
5134
5014
7775
6571
1072
4388
8787
7902
9771
11055
2641
5155
5274
116
602
3503
2424
3970
3918
1897
8968
6770
11094
6260
6814
3976
11079
4495
3086
1507
2140
11976
7065
12775
3463
2088
2820
6889
12304
37
11720
8527
6203
11568
450
7953
9060
11120
3907
6707
7552
853
3004
657
1228
2003
11953
7171
9373
3380
140
12172
9129
8602
1787
7666
5998
8857
10365
5584
7783
6998
2079
3637
11603
2373
8047
7045
4276
9403
11024
9919
2678
10274
10888
4165
8495
4558
8027
5531
2005
11819
4177
8503
11464
8293
2225
11768
7408
3551
5240
963
7943
11479
12423
4068
761
2101
10045
8852
4541
4448
1143
3773
5053
1988
5967
4188
7428
8262
7907
9048
702
9512
9559
11413
10993
3257
8431
2386
7465
739
12348
9257
1074
8358
113
11946
11790
4503
10819
3208
6544
10704
447
11680
6725
3688
7260
1806
96
12362
2197
2693
10262
5955
6555
5742
3536
7853
7013
6559
4308
10467
7388
2162
10901
6444
4630
3509
2703
7131
9637
11985
990
3429
1476
12504
7172
1926
8726
300
411
10906
3131
6617
11956
1478
3034
5236
10755
5773
2160
4093
7659
1948
376
3227
11072
7518
576
12025
6699
2029
10780
6749
10090
7610
12438
9149
2204
11626
9495
5248
12575
10845
393
10795
8486
8694
7118
8085
167
1736
3938
12176
2365
2353
6721
7306
2028
3382
1809
6658
9204
3074
11685
7466
4010
6575
10479
9742
661
4826
9286
3786
6362
10399
5417
10586
8549
1836
733
6983
6215
333
8086
6235
2349
3350
11324
11032
1365
6039
1749
4675
12726
4984
6111
779
11258
1866
11127
515
6857
7263
9649
1970
4562
9926
12155
838
6984
12801
9841
10405
6781
2857
1465
4636
6944
11056
12371
9020
292
9085
3305
7635
6853
3602
5978
5684
12391
12499
3875
8923
10034
8792
7165
7711
3517
1517
12705
8807
165
2825
7681
9510
12636
4198
2776
8348
1648
1256
12109
11099
10711
11844
7668
9116
1816
11579
11743
8296
3555
12539
7862
7770
5646
3906
7649
12316
8289
10097
1298
11494
5478
556
2760
9747
7782
8889
11801
9339
12089
8781
11598
5952
5758
256
699
7688
6643
9253
10162
5594
4696
7079
8311
325
3566
2624
8632
1224
9365
3659
7893
4520
7797
4964
2009
7977
12417
4058
735
4705
4322
4148
9547
11735
851
3321
8364
94
4152
2460
10485
7702
5744
12080
4734
2498
1263
11527
11772
8291
655
4151
10280
5862
8067
8059
4313
9709
3275
6543
8894
10338
5117
8868
12784
6614
587
6551
2096
11947
5600
6607
1772
6481
6188
6682
7126
6728
1935
2543
9263
1470
1354
5186
11560
6615
9364
11903
40
714
6738
4878
6856
6030
11694
11318
1250
382
12374
7299
9658
12152
746
1862
8702
1431
3727
5125
8491
8280
7757
7181
10560
11516
6641
1719
11882
8714
2165
4840
6771
5416
11574
5243
5069
4733
5466
11186
6562
10314
7243
8481
10366
11604
12184
7564
3294
12816
4917
8473
3440
5381
8001
11831
6369
1665
1888
1052
8506
12414
12658
10979
9684
6345
3572
10701
500
3668
6410
3516
9844
6902
1765
4078
134
12158
5565
4432
3184
10172
9896
3896
11645
7634
8887
12450
11187
10788
4304
7818
4023
11506
11305
830
6261
1966
2151
7137
936
12882
11571
5772
8604
7627
10044
1363
5121
5542
11705
11925
1417
8080
484
6078
4689
1284
8921
7389
7991
7453
10837
11987
1153
12827
1468
4285
10456
650
9788
5410
773
4416
8417
1981
6715
7796
3596
10210
5940
5104
6689
884
2177
11642
2712
9082
7680
1834
10734
5130
2598
11160
12550
3749
4040
2914
7206
4412
8255
9131
6276
2275
8912
3695
7734
10144
4609
3699
12211
10342
5661
4455
5440
8946
10988
6996
1673
3490
7094
8597
9571
133
10578
1527
8687
247
2184
7229
873
624
5843
3674
5439
9380
12758
4231
170
4125
12015
8776
5526
6459
11234
3099
8121
2394
1812
10446
4513
2429
8690
685
3935
2530
4072
10025
3083
4402
7297
9596
5999
8265
2333
7982
2926
978
642
4073
11835
7230
2797
12472
3459
1219
606
4071
8918
1276
6217
4039
1535
8008
4828
2851
10069
7217
2246
8576
11480
5536
6917
7009
6370
3118
10318
6242
11075
12646
8590
3404
943
7352
8149
11300
5100
5860
11176
12057
3735
9158
10489
1266
10985
5254
7316
3537
3654
10320
6472
7470
1357
6959
4922
10976
1871
10920
12305
8575
5964
11589
5919
12077
3393
12378
8357
12840
11860
2517
5572
7761
5486
6247
341
3362
7187
7237
7638
4239
5401
10553
12606
7434
4016
5699
12418
2593
12254
8777
6113
5521
12409
2611
12884
12273
11303
332
1823
5179
5163
4836
3519
6956
25
5615
9320
1353
6855
1480
5490
10895
3710
2612
11875
7696
7883
10800
11613
10355
12226
4835
7257
6939
6413
7745
1003
4190
2610
9910
4163
10525
12070
1223
4621
10300
6243
2749
12567
11563
4821
7864
6700
11575
1184
10682
11050
59
11111
204
7722
10725
3588
11499
10656
5576
7272
1300
1739
3214
5822
9266
1788
10112
12561
6475
3662
12427
6478
1968
8841
6287
6006
6895
4326
6661
435
7139
8013
7142
11033
7100
8435
6716
5788
1521
1159
1496
12200
11708
10458
3678
3526
11807
741
2529
4286
2629
8480
867
11833
3224
11691
2969
11296
4931
7016
2852
1199
2859
1979
5042
6912
11793
217
10708
10675
4057
12308
11130
1041
11581
9628
6669
2430
2501
5292
5219
10693
8198
6820
9086
646
12280
8136
6066
8534
6746
8360
7075
4624
8688
3991
4571
1619
1503
11729
11766
2248
9661
7561
4008
7540
8382
10555
10882
12011
3715
4026
11712
7642
10035
2480
12692
6229
4492
10869
4059
11439
6848
12821
6737
370
3012
8307
11632
9716
8720
2442
1716
5522
3513
4166
367
3527
5769
2283
11239
4989
11134
10211
11656
4142
3795
3084
4901
2277
9416
1699
3962
875
66
683
2171
6484
9439
3183
9067
6477
3761
9198
2664
3470
5204
6460
12590
11968
1088
12689
3833
9492
12489
10021
7945
2835
5063
6141
4804
273
10604
8657
9062
5092
11250
1185
2889
5500
11447
177
3328
1839
4990
2302
1518
6765
7863
12315
8248
8344
2303
3985
457
7081
10074
9104
1913
8829
2962
6873
1305
6844
1062
10617
562
5166
7109
2161
3114
8328
6671
12212
12019
12604
3354
6845
1175
2324
8962
957
43
5238
10692
7637
4703
10671
2158
5230
7898
6023
4021
2476
8651
4914
10117
10532
12192
3395
10737
4690
6529
11247
5905
7616
12432
6151
3755
5752
3990
12609
10374
3689
6072
12501
12387
3822
7277
7584
271
7198
10691
3164
3495
6727
566
6991
471
7577
11518
10960
1889
67
346
1936
12712
9893
4569
10463
1273
221
1240
7821
11151
123
4444
8701
2403
6798
11408
10746
1490
9671
4570
10158
1433
1798
12608
6839
11971
7067
2948
7232
8201
12799
11197
1373
1689
12467
7628
12693
9130
1202
1115
5515
11282
10855
3022
3612
8950
9513
3606
8363
6569
6099
2210
181
12334
7141
682
7954
7923
10232
3984
1038
12810
4953
8934
12653
6343
2087
6
11445
4745
11638
68
7447
4442
12699
10149
12894
12186
6486
478
9167
10176
12291
2584
1442
11383
3608
4633
12618
7788
3250
579
12252
2896
9670
11933
7461
7117
9038
3832
12088
8163
3692
2883
2949
7852
4923
86
11624
3664
7895
2472
551
12490
4171
8150
5783
5373
2770
7317
10667
6138
10733
12486
118
11553
5970
7203
242
9933
8882
11545
1182
11313
16
11470
766
7029
11820
1280
6109
11795
225
7390
8380
7937
202
10552
6285
7322
11442
12347
2692
9631
6249
2172
5181
9094
2993
9006
8986
1810
6037
1708
10865
11787
9605
8096
5290
5593
7871
1091
7220
12484
2834
5506
8683
9190
5128
8
2042
1374
1721
9651
10729
3780
3339
3954
3446
1244
9750
4315
12278
3255
12766
6883
720
5979
1169
8939
9148
12213
4398
9640
4723
1849
11359
9877
9118
10321
10544
11213
3471
3807
4134
3
9815
6572
5384
2110
4461
4686
5079
1735
6227
12505
6631
1538
11718
5912
12353
1458
4578
3340
6639
1043
1729
11948
462
9196
1828
7469
11332
9275
3229
7549
5085
983
1813
9798
7207
5235
11910
6026
132
5731
6921
9040
9330
8993
4628
12100
6473
9680
7298
6356
11521
8039
11065
8260
7814
9209
9015
10038
12650
6846
931
6646
4029
4792
801
12251
4311
11162
9411
4595
9200
4754
6767
6234
398
2872
5078
4232
11146
574
8042
9897
4095
9375
2192
7984
4184
4140
5625
5347
9523
6316
2811
8533
9385
7927
2836
946
11092
6457
3785
4724
11122
8159
9252
3815
11337
1316
4069
9558
8559
12016
5894
9101
2034
8955
8832
7273
892
10689
5110
441
7108
11982
11221
7001
8261
8601
1029
10975
11401
12672
1222
915
9754
9952
3505
7987
10083
4253
4106
1983
3852
12473
7146
12730
12066
1067
9721
10423
11661
6122
12001
10372
7227
4920
11909
7096
11592
9236
1130
8408
8349
11580
12683
5067
6303
4981
4070
1683
7856
11861
2291
6190
11821
5013
9193
3839
1307
4698
1901
2299
200
3417
1140
11178
5732
4349
2497
7295
12753
10997
7479
12803
10496
5653
9080
12582
7387
6056
8858
7011
12111
3804
9979
1103
2244
652
3451
11582
4531
1196
7936
9588
9162
2670
1086
11181
10248
11829
3425
6930
361
8689
3657
846
11326
11667
6389
1635
10169
11522
11808
11515
3982
6397
4852
156
2383
4694
3973
2284
9820
7843
1323
5455
960
5434
8330
11395
10187
4139
8376
2683
5738
10339
11336
5111
10184
1110
8633
359
4446
4719
7813
7534
1837
8507
11054
12027
5750
10580
2651
5685
10382
7064
1642
8418
8583
3342
6508
2696
4221
12333
1451
1209
3258
4848
4870
6626
12509
772
12446
4252
11899
8996
10447
8325
7652
7765
9128
11519
9181
5305
2782
1894
4844
12114
5881
5489
11894
2625
1325
8258
10769
10799
10425
9634
6927
1614
5277
11534
36
5271
3574
9948
878
3188
6425
3324
11364
9830
1348
3422
11321
6293
9362
112
1732
10567
3813
5083
11271
9103
532
3837
10387
5175
5507
8713
6093
1058
4517
9047
6864
8438
11692
2144
10064
12542
6850
12709
11663
8215
498
7935
7918
4347
10127
8518
9265
5637
2694
12132
4055
8978
1898
8354
1212
9755
11203
6077
8644
3369
10179
29
8663
3013
8140
9834
8994
11526
3800
877
1792
5467
11405
10175
6745
6697
1859
2560
1208
4098
520
11980
6090
12036
1104
4499
12897
7755
12381
2313
4554
335
11417
11129
5911
11219
6654
1177
1028
1390
2279
612
2702
7208
11558
2573
4391
6104
1569
1380
9113
1060
496
8877
3944
8132
8421
4099
5800
6877
10428
7166
7619
6470
11255
534
1701
5231
9726
10947
3226
6312
8012
3648
1045
3999
3085
8640
6018
5313
10853
8643
8674
9482
526
11104
11014
2741
1022
12832
7847
5228
7292
2097
4096
3236
426
2707
12136
3398
4566
10152
9652
12815
9017
287
3457
8176
2254
2122
6717
6281
8744
1667
9745
11456
3829
7868
3579
10118
7646
4395
10462
5892
8222
8979
10961
6638
9427
3947
10330
5070
11460
10400
10848
3945
4476
1385
5735
9756
7365
4556
7820
11935
2764
7214
5842
6087
4726
4407
5362
5482
12529
10972
1358
10924
6849
4543
9818
5503
4891
4538
5577
12702
155
7756
3912
4160
4191
7889
1235
1532
1938
507
12296
10279
2665
938
5893
736
12747
8256
4845
12841
10838
12615
9626
4371
357
262
12428
2154
11224
3058
5620
8186
4084
8217
6040
7950
1687
7134
5304
55
5514
2464
7154
9382
1350
5234
3378
12469
6719
10834
2092
5916
8370
5606
1747
6696
7661
2846
2418
9603
4739
11510
11451
8861
8309
7401
6940
9464
9597
12127
918
291
2174
5393
2554
1288
2360
6048
5809
10119
6086
2892
5549
315
10039
12340
34
10670
11779
1121
12429
1980
6283
12170
11333
4004
3841
126
7143
11118
2198
3232
7735
6933
6390
10572
5203
9620
2724
10394
559
8298
9659
5150
6583
1986
994
347
3134
6536
12135
10026
5871
10012
3721
12356
1179
3541
6133
6084
6366
2725
7849
5882
5776
8631
2769
6620
4973
3894
8900
8071
2743
3008
5624
8276
3975
11003
10775
1146
11485
11932
1097
9332
6813
5717
1911
10154
12662
9044
8432
10519
12480
10114
8664
2902
6214
8423
12392
5099
11565
9803
12415
1492
6421
1541
1779
8250
1818
12719
5451
6161
226
6818
1975
11248
7494
12076
10093
3420
9507
11232
11981
7497
5761
617
10762
7403
1321
5389
10863
6924
9548
4743
5356
12740
3546
7531
11241
5820
8283
7798
9879
8033
6405
4456
2363
5857
8049
6108
544
7290
1252
9769
1497
8655
2714
9531
6073
4637
12555
5460
7014
322
6556
1047
468
5640
8019
10403
11769
6830
480
7471
697
4064
4147
6378
5483
1553
10351
1734
7664
3453
8959
1485
12869
12282
5797
7383
2930
5993
1875
9469
4652
1874
5845
3182
7676
2389
10434
4403
5452
11898
4182
11750
12864
5093
11620
3587
10661
7070
56
1376
3817
6623
337
3620
12189
2064
9077
11062
10383
10588
7968
9182
3025
4850
8541
2070
10807
3196
366
11302
339
2650
8457
6554
7183
2945
8510
4919
1355
461
12630
2447
9493
2118
9638
7550
9147
3132
9647
12064
9824
523
4802
7421
3649
4818
5676
9639
709
645
5143
10388
2583
2568
4401
12323
8648
3857
9758
832
7978
12729
3633
12855
9132
8676
3015
3963
7320
2888
412
5252
4735
10201
2495
5351
4210
12352
5690
8752
3653
8537
7125
7578
1851
6310
12558
6888
2915
11949
4012
12240
4657
11774
1198
6076
1491
10713
6963
7371
241
12107
147
9184
565
4913
5566
11857
1167
8458
2796
3986
1893
5816
5161
4049
4255
4568
6561
3306
823
10507
1419
12876
9087
2051
1618
8259
10772
4879
2715
8581
7446
8853
4293
2016
3122
9576
5215
10630
2043
4245
12373
1903
12062
7767
3435
5770
4345
11351
3333
3569
2018
8093
8899
10854
541
7913
6593
10221
11962
2025
5607
1101
4807
2719
8543
4233
2843
8625
1720
2860
4677
3741
10878
12782
7099
10503
2022
4124
1830
10332
4825
8863
3430
1254
3066
4996
6915
9981
5852
3629
3276
12010
6329
125
563
2381
10573
3302
11597
7997
8666
11686
11736
8595
7231
600
1768
2812
6872
8290
475
1128
1590
6693
4625
1135
4488
10367
10028
12660
7333
3360
4907
4486
782
3866
12477
872
6513
10828
962
5777
5687
10657
7980
10798
10917
1690
7176
5558
8060
12877
3607
6025
10791
8531
8003
11765
10587
7000
12500
8214
8351
1092
6302
31
4413
1509
5098
2426
924
5124
503
2366
1610
1441
2483
4757
1227
11599
3625
8091
7662
5412
1257
10327
12624
2874
5813
7022
3170
7865
4998
2555
8173
2976
12589
12023
9703
2100
1626
8973
6852
1279
10
9573
1640
9428
6557
12360
3597
3823
3268
5165
5019
8733
6298
1561
2126
11117
4530
60
8805
3248
1728
10545
7682
11552
48
6363
7156
6630
2372
7311
12456
1934
930
10091
7412
8937
6067
11482
594
8722
12638
6381
12890
10790
11048
6446
4777
8710
8529
3269
6322
12679
4765
3493
7780
6985
7739
921
8580
9536
8043
8828
5223
1842
384
3792
12139
62
10244
7404
1963
8788
6284
1338
1591
12318
9624
1991
3054
2397
4223
7894
12704
10852
4189
193
11136
618
6315
5350
3434
9441
8845
108
942
1892
4755
9534
4013
10803
11188
9962
5038
9050
12562
2077
6713
9951
1335
5475
1817
7960
5005
9848
456
8587
3295
11458
7826
897
10517
8878
9728
7368
771
10603
609
11389
416
4468
9368
1090
9223
10514
5720
1605
7677
11467
2332
674
10334
7951
7202
5762
8202
858
3264
820
1379
2929
7792
10781
7215
3880
6309
10909
12312
3836
5840
9696
12507
6645
3423
10896
2789
909
9675
6981
10910
9975
12201
5878
809
6292
2616
1479
5075
8322
3483
912
1424
229
6608
259
189
5875
6756
893
12576
5636
5043
591
8958
5073
12731
10953
3082
519
4262
12322
3135
144
7817
1664
6382
6710
5461
5657
12607
1412
7942
11497
11390
8620
3462
2566
11472
3273
11850
12743
5375
3070
6433
10406
3038
9878
7582
127
11238
10887
9822
3281
6714
11076
6143
9303
1142
10995
3691
1347
7293
9393
8556
11737
5287
7857
9968
3632
2788
1595
5934
5525
7604
1337
11781
4324
228
38
10535
12339
9417
995
1034
7359
7827
8443
3681
10191
5444
8668
3252
7159
6223
5321
1533
1265
10066
161
2766
10934
4910
12250
12586
10785
9201
5167
11215
11137
1554
11371
7773
8211
3627
11841
8883
848
2089
12150
3904
6766
5168
6843
11824
10337
8767
2276
7841
8917
4309
1262
3213
11477
9001
4976
3234
3635
7062
10071
3212
11426
12845
6429
4215
9797
10538
8794
3548
7191
2340
4803
10146
4047
6017
7996
6834
2503
8304
9306
3147
3514
2499
12203
3101
1326
10512
6539
9475
2986
4838
2252
12722
7385
12018
1759
7164
8779
4108
2963
9171
10804
5801
8603
5674
201
8032
8700
6164
9029
9298
10304
10209
12780
285
9450
11679
879
9071
1811
11999
11693
4965
689
11267
4180
406
1147
7660
12094
7704
7747
8803
7946
8496
5072
2756
514
7672
121
2315
1573
5853
1158
7512
12850
6419
4360
8275
7224
80
6280
7557
5844
902
12458
2375
3191
11901
11362
12051
9164
5988
11046
1627
6463
11154
8257
8770
3376
6340
10835
6081
2309
7719
8194
1831
9409
10943
12407
4409
11114
9259
5142
2331
10143
12503
11116
12670
2688
7124
6862
5264
4119
6347
2527
3373
9739
7547
1510
9625
11665
1107
8645
4149
11018
7436
9565
10129
1063
10649
6377
11944
5031
1204
8353
1939
10932
2127
9425
9447
1124
5392
5754
6071
10302
8372
10058
4438
4974
3203
11754
6732
2437
2202
1850
12321
4392
5989
1670
10642
6177
2288
11319
12163
1125
11294
10823
580
6903
10056
9390
9228
8697
10765
5808
1794
8622
8461
5833
3757
9140
5061
1915
2761
8118
7665
1084
864
7266
3717
5432
4994
11180
12886
6702
2019
1632
4676
1210
5581
4954
3140
11355
7808
4014
10322
1858
9456
2645
9016
12460
9865
12369
4824
3402
12266
12804
12532
7623
12102
2307
12859
2745
2622
8834
1910
11640
12045
4454
6231
10340
2233
12033
8553
4225
7478
4457
11863
12687
8626
12183
860
4295
3469
5649
5445
11019
12175
10059
5096
11911
12570
8147
12848
5557
8901
6931
3177
581
11991
9882
10655
7020
9563
2648
215
11438
4889
5314
2502
621
7327
10684
869
3209
11396
1807
7784
12439
4048
7524
5123
7145
2587
3010
11709
6815
10705
2350
7799
1253
10168
12781
9394
7967
7057
2829
3178
10726
11246
3359
1083
5957
7928
8219
10254
7213
7588
4449
10072
5435
6840
9569
9724
11260
12594
12424
2056
4779
9489
11538
2038
5872
7177
5400
2395
2958
4924
5981
8040
12325
10663
9521
6189
2478
10306
9290
9691
6221
1035
1978
12656
9397
8616
3500
6004
9376
3242
10664
1757
3821
8347
2443
4794
1093
6492
4238
7899
12359
10758
4512
10285
169
7957
1004
12673
5050
8599
7053
7709
8004
5495
12789
6450
4548
3448
8400
7955
7718
12411
5610
5856
4613
1364
7645
6417
7633
2218
11422
5469
5659
10927
12042
12110
12525
1155
11595
2536
10846
7321
1339
2672
3108
8088
9388
4871
3036
9715
11615
9317
1594
2250
12072
234
1666
2484
11309
8141
5036
4264
483
4814
6812
11484
6558
3747
6743
10902
10418
11715
1322
12805
11372
3173
7565
6192
7812
254
6879
6526
12601
8323
5
3705
10599
4829
10108
9451
1846
7033
12802
2631
8526
10674
7725
7949
11623
5065
6825
3162
747
12397
781
4944
4567
495
9720
5889
11430
9488
4769
5546
10872
9858
12138
11994
5462
11123
8558
4951
4831
7589
12199
11810
3368
11767
10984
4314
10230
11463
10398
1746
3064
10023
9426
12302
9408
12629
1855
5553
8849
608
5561
3318
12169
10840
698
7122
10130
1993
2524
12396
11373
2795
3611
4551
4780
4157
1985
3665
678
3247
1961
10994
24
9733
10968
5319
3702
9920
6750
7071
9593
10714
11298
6212
10600
5323
3413
6301
4886
5332
5906
659
158
10899
3315
6240
5074
504
334
4872
6290
2569
6718
7170
6866
5487
10886
11697
5265
4864
11869
4597
10148
12097
12249
4482
12233
7601
4162
9532
7515
5146
3941
10908
3568
9967
11314
343
2898
1391
449
8306
9215
3195
950
3835
2534
12513
11609
9233
1061
6692
4559
10077
2935
7959
11509
9744
11845
4808
9522
1606
1650
12737
2414
7566
11308
7358
4236
6210
8771
12488
666
9763
2674
9863
7082
6545
11952
8206
4328
5591
9446
3921
1711
9207
7819
8044
11878
4778
10653
3334
1351
6541
2337
3618
6278
6333
12032
2187
5333
7052
4861
7533
4611
2183
1832
6534
8536
8112
7673
2357
10849
7097
8696
3265
12284
2798
1585
10421
12843
476
1148
10275
1870
3758
6035
10040
9849
999
12126
2774
5196
841
4334
10111
5603
10543
2
4632
658
2592
11711
5118
2039
12048
9884
929
4249
5453
6538
9174
4370
7135
6965
2975
3092
7179
3198
12180
9973
6003
4598
2720
10079
6064
7844
5723
12084
6886
1232
11562
8242
9540
4186
11263
10732
11071
164
5642
4853
1941
5835
1156
7778
10084
12708
2818
401
492
11341
4987
6044
10676
584
5004
10643
11163
6835
2086
3106
2823
5408
8830
3048
1048
10247
1475
9669
3777
5825
11839
3391
12786
2261
9032
2006
745
9757
3467
1215
1775
7104
1172
10011
9874
1597
8627
6286
1039
1515
6031
11666
4129
9264
3358
11397
11722
8818
4753
9899
10206
8691
6070
5348
429
10106
6914
1814
5551
12365
5045
4033
7752
10299
1713
5678
8600
3088
6941
1706
6861
11338
5711
1272
8764
6674
631
9438
4379
7098
8007
11350
3595
12807
2427
3960
5666
9490
2123
7411
8484
3137
1277
10534
9802
10067
10859
2954
911
12300
1114
5547
7439
5982
11061
2466
6022
7523
883
3254
11684
8315
9657
11727
10001
2931
2865
5233
774
6296
2214
3394
11966
9614
3713
4175
10324
5018
9481
5497
3810
2739
4366
1112
3965
10739
11890
11567
344
2819
988
5095
1389
10313
6724
12734
6043
8079
6107
152
11365
12533
4458
213
12795
601
10308
3072
6653
1123
11366
2073
829
839
11242
2344
7414
4333
3323
10858
5628
331
3673
6576
11954
2727
3746
8029
9586
12835
9078
137
730
10822
190
1413
5543
1762
5359
1396
5225
5556
3581
3087
1724
2579
2551
2180
8677
4469
6134
2143
9562
7626
10672
8969
5237
11695
10357
6636
5931
4417
1592
11167
11738
6568
1996
9810
10509
692
9600
10926
6001
2906
5437
2571
3156
6600
11804
8124
8658
7663
3535
6000
6436
2540
4747
5180
360
1162
4420
9255
2758
8100
7554
10134
953
1824
3139
5928
974
12889
95
10253
11259
4327
12825
4453
1969
11327
1134
9276
2657
2697
6610
2965
11503
1011
12133
7315
7486
10576
11702
12290
11435
7989
5879
2710
3731
4489
10381
12425
4634
3939
11159
10619
10272
11042
8815
3936
1908
10915
1449
12497
10277
7357
5575
2292
2978
2735
6966
9617
184
831
5420
12227
1737
7618
8782
11268
5355
12174
7059
5058
442
9114
7381
8552
6012
10897
2396
12808
1075
1784
8798
1528
3363
5198
5426
11346
3124
188
7502
8563
10088
5656
7034
3694
6317
7480
6573
4350
4342
12788
9511
11520
10245
7793
12096
8984
9730
3283
10220
10605
6375
8646
5293
3599
2747
6323
2129
11605
4300
1192
8346
1955
7679
10192
11182
9289
3348
5596
7186
756
3621
3787
3752
3090
5704
2492
9138
12698
2718
5353
5307
5891
3968
11449
7700
7264
10488
11783
9410
9805
6598
5626
7083
1771
4358
2181
9794
10974
372
12831
12605
4730
7367
11257
4377
10128
11274
8274
7548
3496
11406
10362
2979
8327
4938
5113
2966
5291
12502
9678
10270
11643
3525
4005
1715
8203
913
9297
3017
6033
7279
3102
6530
710
2131
585
8123
216
8967
9936
451
5954
10240
3594
2419
7840
5938
10898
11392
9695
10491
8161
672
1042
6704
10051
4335
1251
5386
9433
10565
11958
8789
5217
9173
4631
2936
10495
10250
1658
9666
2913
2800
3898
5681
4510
3845
2893
91
4501
10336
6990
4484
5784
8389
10415
4788
3024
9106
12263
7716
1916
459
6549
7027
11243
1693
351
4156
5257
11029
3983
10171
2671
5618
71
3097
5115
1529
1183
6524
2388
6471
6250
4537
7398
11500
9304
3279
4695
74
3931
6660
2149
2269
2652
2582
5990
6659
961
5960
4672
8041
3615
3529
8223
5282
5220
7794
868
4172
991
12654
5129
2989
2991
6731
9642
8634
10644
3175
5173
8718
11880
9946
5456
1890
10251
2390
4041
4715
408
8528
5675
4600
11053
10150
5071
919
5159
3228
6841
11907
2208
10182
10750
2238
9336
9312
11450
758
10668
12299
12800
5044
6851
9789
10444
2410
185
13
11895
9770
4542
10836
9516
11349
1655
11066
299
2449
1149
7875
3942
4363
3149
607
6121
5033
3920
5689
5564
1392
8110
4292
8821
3287
1641
12703
9043
5705
11095
2917
9826
6167
10048
2972
6546
7509
6982
2255
9980
11125
3636
1833
5465
1633
7423
3474
5716
3913
28
10301
310
5639
10883
8570
3701
8869
1950
12759
1099
6629
6908
7420
5943
5429
138
7318
7069
3063
8384
555
1397
8425
12834
10437
8614
12685
1989
1309
4691
5484
2257
12695
3818
9925
12675
10439
10133
186
9076
7551
9179
8320
993
3314
5604
12549
4024
11023
11486
2059
12614
9582
2528
1452
5868
3640
1914
4132
2378
12583
10288
785
5202
1226
2887
7110
2691
10945
1386
9567
6100
1668
8224
8107
6810
2387
573
4127
816
1743
5590
8953
11428
6515
12541
4136
10047
2416
502
4772
365
10940
769
10669
9460
2505
5472
1404
4798
2525
5533
10120
9869
2876
6734
11557
7450
3700
10628
2677
9331
9553
10070
3488
10703
1511
5383
9153
1599
3940
7113
11657
12552
5963
4742
5127
1012
4661
4111
1328
7766
6633
3497
3270
12319
6685
10317
10431
12635
8784
1882
8548
8513
8366
11578
2298
6867
9192
7236
11760
10967
10941
4546
8422
3850
12811
10946
1119
212
2109
6466
5403
8267
6673
627
7528
12206
12017
3035
6784
6807
6335
6123
1537
10481
10638
3862
2266
8160
6875
3478
8335
8213
30
10043
4851
9449
8992
10271
330
9354
6505
8367
9343
1984
12055
5815
10568
9436
5259
1292
9814
12449
9405
9978
10686
3098
3405
4860
4199
10194
5133
12592
12117
1587
6827
6596
10352
8906
8373
9008
6962
2908
1600
12069
8239
11403
8756
10476
6550
9333
11671
12667
4050
5164
2658
3784
5644
362
2489
7205
10648
8135
9870
8234
686
11549
9361
8189
1546
11755
6868
4408
491
9653
2773
4257
1694
2601
4137
5249
12144
2608
11548
6051
4107
6016
4985
4961
9079
2391
4507
625
11800
6809
5245
10707
6445
276
7289
4116
560
11798
12229
12596
6145
11945
9725
9010
513
10450
3753
8888
12625
2196
6479
5279
10055
1426
9309
3714
9619
6594
11881
10329
11097
9630
8738
3790
2137
5703
11073
3206
707
4361
389
7115
753
8519
8586
3336
1531
45
4560
2686
10601
7435
7063
3370
1
12086
9843
2294
12751
8980
11013
1942
5602
8652
1239
6380
12039
3874
3379
11285
11532
12812
9195
11803
8520
6193
6128
12595
3820
2115
12124
4443
3307
10223
2407
11173
2231
11846
6821
10284
6975
1657
6632
11675
1852
10521
708
12442
4610
5692
10229
3646
10207
4775
8954
10938
10373
439
9419
9462
8143
5210
4217
9890
8610
5197
208
12204
3706
4187
5826
8525
12761
12597
9783
11175
405
8799
9974
11848
244
5956
10861
11837
9985
4552
11782
5068
4123
2134
4732
4760
9413
1954
4353
10031
9664
4806
9963
3675
2258
6226
811
6874
8387
12232
4375
5930
6548
2053
2385
12633
11696
10890
3165
9232
11358
5767
8754
7341
3738
47
10397
5713
7516
12337
2946
4144
1176
1946
5945
6752
2752
6553
7838
728
4997
12588
6519
9850
2278
4359
4793
1621
3828
5634
10213
2864
6232
6604
3660
6899
12524
8846
4764
12241
6034
3651
9476
10436
11570
6649
9468
8090
10651
6388
8331
3000
903
4603
11001
8411
12742
7925
11093
11855
8316
422
5888
10170
6129
3016
11433
6504
6907
8426
9110
5485
7360
8661
777
8084
446
3684
4354
6757
10860
5308
7916
7848
5041
721
12443
5908
12151
1382
4053
7339
8961
1789
8560
1612
10678
3361
7160
4421
4167
10591
5388
11785
11608
6521
8673
4912
11752
11525
11778
4939
2904
2111
7473
5601
5756
488
3484
5006
5629
3934
10212
2438
10167
8184
3193
10969
298
9976
1514
826
2445
8936
4533
4663
7111
12682
9226
1873
9465
9459
12149
596
7655
1360
9035
7133
9686
6294
10472
3372
12181
10142
11367
5474
3050
11561
5137
9753
10228
3310
6253
2376
3796
238
10864
6202
9046
9156
8686
11678
6535
9404
6349
3901
10017
3605
8833
6922
6806
4623
789
224
135
12041
1780
1951
7858
2226
10776
9964
4704
11826
10875
10092
8405
6531
1645
11063
1340
8025
8641
8801
11920
5169
5378
8808
12619
511
937
7274
8940
3923
10159
4410
6647
12544
7107
10728
12379
5662
2054
7487
4130
11771
9654
2132
12621
6047
1909
4376
4051
8630
7253
1998
8826
10958
8871
3494
2847
9357
18
4918
392
4283
2095
2450
7036
4608
2771
2988
6858
1758
7430
2845
821
827
194
7051
10658
718
8277
5147
8735
8695
9294
9415
8081
12210
6313
6060
1802
6422
5823
9503
10627
7132
7776
6906
1797
9701
1117
8823
266
2661
8205
6264
10290
5830
8338
9313
6586
4509
5691
10810
3042
7080
6106
11423
87
5787
5106
312
5651
11161
7701
5571
7144
4474
3345
1255
11739
4378
1918
4718
4665
11751
4278
10089
1651
3233
8621
7157
1774
2457
3889
10876
5149
7979
9906
2167
6458
4582
8879
7795
2032
4351
5364
11922
8246
9760
9093
11989
10891
3882
7426
11585
1484
8991
5520
4526
6838
4709
7691
8870
9557
7386
407
1702
5935
2271
11825
2141
11138
1329
3743
885
3389
524
7544
10104
7307
7687
8469
12713
5794
12074
9484
4909
11038
1096
3481
6780
1827
4645
11411
1122
7613
12600
5182
3021
7599
10268
3351
9809
10225
8216
5311
6501
3557
4605
7712
10016
1493
295
538
8875
4213
3280
2516
8656
12762
11802
12228
3238
10113
6774
6789
4118
10760
5574
3194
10331
7025
10145
1214
12405
12247
11862
9694
6171
2030
9554
1415
10893
2072
6074
9705
2983
11425
11270
11704
12173
10417
111
79
4201
1384
3130
6622
2920
8444
9831
5714
4279
12230
5962
7653
2786
4729
11690
12444
2514
11100
4916
10315
1678
12728
1274
9679
7746
6992
4895
11836
8158
4564
6739
149
10151
1777
7962
5838
2055
4076
10551
2953
7265
6233
2940
342
9833
6826
428
8703
4584
11047
6585
4169
8929
2513
9111
7032
7474
5213
798
8898
1283
6183
1040
1370
11524
8437
668
10234
5567
8910
4604
1886
12283
12748
8169
4781
12868
578
6683
7457
6754
8122
1051
1205
10500
7530
1917
7103
6010
8742
7393
10443
1513
2085
9606
6755
9187
11115
3539
10874
12063
14
5047
5807
9886
250
6490
2262
6328
2613
6348
12002
7850
12355
9283
4459
10420
10307
9272
2436
3030
3532
5740
9538
8266
12779
6584
148
12707
9341
288
7915
93
9002
2014
3955
11700
4121
9752
1236
8157
10029
12829
5145
8154
4400
4949
10391
5578
12478
11201
11854
10052
7629
2166
1504
11687
10687
11713
5303
7222
12551
4988
12891
11815
5866
6603
21
2869
9636
12412
1387
2242
10949
8836
10160
7008
3364
2422
9234
7887
7267
9839
2602
1318
5151
9842
10990
7475
2318
7658
1238
992
3163
3528
5119
12085
7920
5395
7490
192
314
926
2322
5814
6392
613
6680
11320
176
6324
6967
7366
1425
7485
5052
3123
1173
12632
172
7597
7410
8218
2456
12565
8474
8793
5458
6147
2894
10237
2486
5107
4722
1032
7376
7116
9704
4946
10542
7790
6880
4428
9584
2600
1550
4002
12824
4959
6688
11226
7255
65
5790
6220
6386
784
9746
10312
9004
5003
8982
2229
4381
8401
7690
5208
7449
5040
6616
5876
5397
409
2779
2176
641
6663
12768
3075
9689
4921
1712
5524
7981
12796
2842
2325
432
5116
10484
6222
3971
9866
12092
7180
7442
1020
12386
7199
11128
8177
11145
5599
558
8168
11753
2268
7445
6252
5698
1434
2642
2911
7017
1752
6259
8332
11370
9061
2792
1505
5757
316
6213
7483
12556
2338
1928
12331
4174
3472
6547
3512
7155
2701
2203
8278
8459
8932
8650
11874
1346
8174
12757
10806
11233
5081
3312
3166
1015
7178
12345
8990
7965
3567
5849
997
9018
1791
4430
3685
11466
8072
982
701
11223
8723
3628
7777
5002
12448
752
6432
717
1270
5779
197
4815
10720
2886
6800
1584
9561
11382
11168
825
7344
2494
8415
1367
7256
12697
3949
5895
2083
2091
12836
6712
12187
5258
6833
2136
9435
2103
4154
12043
8635
549
1548
6627
7319
12129
737
5980
1733
12013
12440
8482
5929
272
6065
3598
5877
12335
8896
2673
5430
8476
7219
9902
6952
4022
9014
4617
10075
12083
6588
6267
2482
979
1166
2559
10135
4697
7326
104
1602
3290
8880
5517
11741
4080
8077
2698
12399
6068
11049
9612
5621
7708
4915
1685
2281
8933
6621
4882
8302
7375
2754
8765
12272
11109
2632
4141
8773
4344
3726
813
363
2785
10889
11179
12238
2649
8285
10992
1269
11421
425
7859
9011
4043
1755
4685
141
4227
12517
1877
10641
12147
4396
4667
5273
939
5357
76
2117
5226
7886
3040
8706
9274
3475
775
3432
12274
4209
7888
12547
6960
7699
8907
12195
3556
11547
11446
2323
8303
5135
12368
11669
2090
9440
10796
8972
2685
1356
1427
9996
7066
5839
1631
8181
12390
9648
11619
8966
5354
4834
12822
12648
1927
6954
4799
9322
588
3831
10717
5148
529
11153
1965
9921
4493
6957
6181
4606
610
3261
5141
3096
1853
8193
8442
1171
2377
9923
4995
4822
4943
11022
10126
5890
2207
11594
7092
856
2007
4660
1750
1220
8340
9212
12380
10520
8509
7061
12058
11650
10082
8708
10868
12797
4839
5569
5968
6368
12145
725
3756
4618
8020
535
497
3313
1582
10516
2549
9483
3046
10652
1652
4423
5608
803
7394
7138
8062
6453
4651
2556
10808
5407
3722
3330
3300
11573
2974
9211
5366
10448
790
586
12498
8470
8943
12406
6711
928
2552
9491
7542
8514
9084
2500
9995
9622
10008
9166
2867
3201
1575
6920
2047
12526
10360
2463
12833
11009
7539
2570
7789
9667
2729
11655
10396
5707
494
10260
5315
2076
8005
7391
9832
8816
10068
3444
11866
8287
7572
8120
9793
2716
12234
7026
4941
227
9102
4580
7693
8615
7377
8356
3289
4193
12528
1174
7427
11921
11559
4307
9699
10235
4979
6179
11199
253
2932
10779
11849
2336
4508
11398
9402
5848
11034
9414
10937
2927
4908
2562
7600
2518
3157
11352
6751
1018
8455
8453
7
4399
9188
8809
2379
8681
7675
7748
9244
4514
12573
9421
1589
12167
1132
4277
11688
12563
12663
6579
1289
5648
3843
1487
8394
12271
5479
9965
7882
5795
6112
6427
11261
2081
11132
3343
4030
8924
6431
4707
6032
12885
1661
10346
9250
2561
4088
11437
11969
6013
11315
3981
4332
9248
8166
1930
1764
9681
5775
5470
9881
7870
5573
11017
7050
9225
173
6263
6808
9096
5810
12557
7573
12527
11883
6124
8119
2119
12559
3486
7751
10677
10413
4105
4229
6342
11668
11576
12860
7986
2765
3563
9610
7995
751
6578
4465
1829
3891
665
9836
3964
6125
3872
120
2078
8031
5446
1136
11353
8546
8430
5212
6618
5580
9210
1324
448
10547
10527
11973
2977
3148
1885
9736
7579
5734
5791
10607
6162
8076
8170
5344
8399
4736
4830
7284
7617
8613
6116
8078
9527
9727
2768
8678
4282
2890
9722
3078
4056
11198
2794
917
10646
10724
1233
474
11834
8145
11856
9623
9966
50
6165
11084
8850
470
9028
8685
7650
5363
8772
5247
8231
2531
9296
780
2342
10626
2195
10165
3133
5992
9533
2599
1943
11334
7489
4110
10019
5946
12610
355
6049
12281
8152
6430
4522
1163
6532
1931
10109
5669
8341
4299
1611
6011
7309
8487
4046
7511
2522
1234
1895
4368
765
7835
171
8178
8162
5399
12494
970
4355
2937
3617
12806
10298
5007
9914
9608
8551
12899
9817
5476
371
5509
4496
4153
676
1577
7101
6083
8579
788
12733
8802
8692
1366
7238
6970
9615
251
4573
7455
2742
2821
11929
8642
7089
3291
5534
6401
5454
8930
1856
12746
11025
3316
3392
7241
1881
11858
4971
3027
3144
9911
11938
452
280
4054
7498
11492
11361
5302
9690
10783
2230
8127
11698
12700
11286
5064
4133
4429
5009
12787
2806
12571
5766
12642
8297
9338
5306
2319
9108
1588
3943
647
7809
6635
6672
4220
7815
1301
12537
11891
1079
10002
11185
6357
7235
12830
10539
8847
3452
9676
1557
12243
2264
6175
340
9241
6144
2504
654
8835
9528
10526
10189
9517
9816
12770
6311
9767
9702
6137
5505
4441
2753
11621
7007
3243
1566
5804
1803
2866
2784
10401
206
786
6277
11469
6194
8164
10690
1778
4246
3524
1756
6464
11682
2532
3893
10422
9075
9915
2102
12479
10981
3141
12823
6892
729
649
1030
9019
11414
1899
2339
3272
703
8153
7774
8155
849
11842
9037
282
348
9335
11039
6863
3426
11590
4641
10596
9058
3466
1919
5048
9618
2020
8725
9351
10199
11873
6500
6973
7874
6468
4673
10833
5683
11106
7451
9723
11474
8413
1455
11539
5428
5131
8000
5285
12463
1024
11209
2050
7086
3974
12483
10384
2067
5501
136
7760
9261
1960
7896
8736
10873
5920
10914
10741
7772
9074
1921
5548
11085
10473
15
1643
10956
9126
11832
12006
9796
5406
5153
10916
11016
7641
12666
5157
9183
11612
11681
11963
1317
1552
7992
4374
10931
1225
12506
2267
1481
10952
6893
1036
8838
7966
7536
9735
653
12419
10944
8208
8051
4248
8232
8582
6625
1181
8532
7730
7698
5082
11498
12420
10583
8945
1854
11502
10504
12587
2351
3997
2734
5527
9301
6480
1722
6211
9909
3890
11380
5409
11386
9590
4942
10548
10379
6764
493
1958
4896
3146
2630
8948
10309
5583
4367
12400
1116
12639
4104
7667
4404
3993
11812
7409
10195
1333
2021
9713
3443
3622
6493
8997
10041
7940
5017
12020
3878
150
7024
4716
6027
10554
4219
6768
6679
5109
5721
10291
7271
3174
8074
11701
1932
61
115
7602
12098
2981
7624
11335
1290
10460
3870
3477
9494
11732
6564
2830
1638
8190
2995
10080
2260
3549
8230
11278
770
11415
4393
4319
6406
466
7892
12839
3449
6668
4547
6274
11915
11602
12599
9969
11044
4091
2245
10613
9938
289
4340
9939
7291
6926
6118
7876
5380
6788
1696
9971
10531
7049
5550
10281
5360
8855
5718
5812
499
70
7419
7209
6153
7958
5921
1709
11937
178
2639
6811
1598
4464
1620
6272
431
3433
8854
10435
3317
10455
2833
57
2947
6502
1448
8568
1896
2960
4588
12021
603
3438
11865
4728
5379
9583
7717
12402
9350
632
10571
5200
1581
1570
7245
629
10140
440
9992
4289
7824
5635
8737
2854
5246
11205
2884
7611
1501
303
6374
2200
984
2992
5597
5942
11593
11537
7356
2544
3411
2458
8017
12053
3778
6439
3995
7194
8016
9496
1432
8483
1725
12403
7397
5799
44
9655
5039
10477
5317
7463
1264
5477
8092
8300
9719
8440
7828
3357
1937
3396
2885
7733
8374
11941
3338
3401
2329
11758
5806
9091
6398
4269
10287
10589
6228
12520
3693
11165
3805
7493
12014
12531
11212
7406
6565
5924
6391
9284
9466
6829
1229
9892
12457
6465
199
4168
3388
418
3816
8410
923
8449
3103
2744
2509
2621
2027
8187
12123
11566
5320
2838
9898
12022
12235
12706
6173
6332
9305
10866
5511
1281
3987
7212
7753
1109
8083
9871
3465
4937
2467
3374
10163
2455
7590
6105
7861
10766
967
9749
11429
12612
3172
1085
9741
139
9172
11150
12854
1675
10196
1194
11010
973
1111
12773
8831
9057
4003
5288
1383
847
3383
7608
8612
760
10392
1681
5513
9786
49
10123
10328
5638
4075
10215
8611
8873
12205
6385
6496
3049
834
8540
10699
9051
8253
11724
9367
7129
9442
9566
6299
6300
10233
9115
656
5722
11646
8926
5749
5209
469
6817
11107
5030
3928
142
10333
255
9970
460
1152
7514
2402
11600
6447
8420
9396
1753
6238
2901
1108
11940
8015
8811
1785
4746
10719
7399
5205
1203
8243
12246
8709
12193
11641
11931
7354
8383
10533
966
12755
10768
3644
8876
9922
2069
7939
12104
11990
916
3560
9959
4527
8108
1437
10973
9391
3624
1697
1377
1572
8963
7128
3039
8434
11468
11194
8414
2660
908
2320
9355
7906
10157
6801
10173
1311
1293
12298
5056
3121
1571
9633
3522
10593
2815
985
9271
5494
9864
6424
1005
10311
438
8279
4857
1161
3768
1464
1106
4524
11488
891
10922
1394
1241
4445
9629
7546
9134
195
548
179
4717
4205
4473
2757
1519
4415
10432
9090
3809
354
6454
4382
12220
8292
3510
6791
3259
5369
2541
198
1459
10850
10098
3552
4581
12256
1372
3480
5418
9122
3216
3798
4602
7768
12346
744
4406
2594
9202
6136
11788
10198
10697
7349
9310
7312
5174
4192
940
9487
10295
9437
5289
11730
2942
4823
9773
12844
11152
10598
1398
3003
10662
8881
9479
2001
4100
10096
12270
9688
11420
727
3908
4986
8379
11511
10015
3840
3634
9031
12366
4114
8774
84
7574
4011
1211
3586
5160
2644
8475
5341
7975
11761
1443
7703
11269
1231
1131
2017
8195
3356
12668
12217
5834
2985
5216
8024
2206
3331
10564
5598
3337
9133
8523
2314
1630
4933
10566
9579
11394
7280
5447
10900
12459
5371
6063
345
10186
12421
1826
10438
10508
791
9904
58
9170
9738
8365
5863
9589
7350
11960
7639
8233
5939
3570
7912
6936
5901
6199
6823
2526
5969
3545
8557
5555
8105
8333
10582
7972
1603
7106
11328
8987
10404
8318
4097
9105
1023
4786
8288
8745
12696
1790
7287
10569
7343
12895
2510
166
5670
1439
2133
3801
2722
10368
11141
3415
6695
4270
6497
2706
9344
1291
8542
862
4242
4208
1495
673
5803
8522
1959
6876
5464
5343
3143
2116
6935
8448
11453
41
11310
3590
12292
4629
223
2481
302
4397
6665
7914
12451
1118
9251
7744
5824
404
3641
10563
7046
1402
6881
7580
2448
12182
5688
4222
5619
8133
2909
3669
9568
3666
2490
11773
980
2875
882
12837
6491
2597
10681
11888
3754
3950
5108
3061
3498
4713
5821
4235
2113
12828
10611
1056
4683
8361
26
10966
11889
6339
11813
3168
9941
7586
7647
465
1186
8068
3476
2107
10528
6334
10694
11157
2348
10778
7382
7520
7010
12817
3854
5729
6255
6014
5936
9150
10541
8057
1688
593
10408
2392
8679
3403
5232
12349
9144
7694
1925
11664
6644
2882
6157
1615
11818
7261
9049
3988
2310
8329
7990
8791
7472
691
258
667
10609
969
3056
3886
12188
5300
4194
7948
2856
947
3884
3848
12239
381
2345
8908
4331
5192
3538
268
5162
5026
10217
7929
8098
9795
10925
11886
1271
5183
543
3246
9602
7363
10666
835
455
6943
907
10625
10921
8412
11293
2633
6246
1483
9260
12007
9692
2862
6441
10380
42
3286
8942
3869
6999
2219
12776
11057
1200
5827
7242
12358
7270
11368
11391
12623
2185
10376
3868
246
4800
8960
6191
3687
3127
2941
9993
11170
3041
4761
4287
3329
3120
3900
8659
9552
7806
5706
10621
4447
5105
12128
3371
7091
10978
8938
2924
5086
10731
8760
8305
10612
704
5760
11008
2799
9555
2680
4259
1742
662
2987
5971
4471
7346
3292
7012
10982
4035
8623
10323
6882
11639
3081
7337
3436
10505
9139
6126
9349
7328
415
3926
6747
4966
11622
2659
12191
8988
10427
11455
11058
3399
11416
5385
8314
3325
4185
4710
9635
8732
64
11887
1821
5286
11611
8310
10278
8270
2550
5658
0
2689
4294
7866
12631
4751
8565
812
7329
6326
1139
2251
12216
9369
1613
2738
11867
4234
1647
9806
894
9663
3159
1221
4700
12376
4483
6402
932
5910
11143
1608
2871
6517
7644
6677
305
2135
10660
8148
12853
10138
46
2221
6456
5411
10753
11312
12756
2595
4419
11043
9498
5055
2425
10616
5560
1679
9203
11979
4036
12814
10970
6102
3397
5897
7418
3783
547
7944
4211
11957
1137
754
4230
4900
2705
557
5909
7839
11131
8684
2804
3698
4678
7508
8209
12893
11984
2106
12410
9950
1105
2666
5391
1808
7910
1314
11677
10442
3375
533
11078
3736
8667
11089
4425
3185
5337
7678
5994
9097
12715
2406
6019
12620
4373
9759
9650
889
8618
7074
855
9288
5932
6701
1336
7707
8497
11653
4711
899
11098
4202
10010
7829
1952
5563
8981
12314
11340
1947
1656
11218
11792
5060
10812
9400
6624
2667
7068
10440
11311
12258
5241
2232
6452
1450
7467
5262
8269
209
1469
1857
9036
12237
981
3729
2923
8235
12279
5654
12037
6979
2537
6854
2023
9194
231
5120
252
8555
3138
8075
7854
11475
364
9891
7837
2305
12603
10786
109
9903
8097
4654
5008
10884
3304
637
10856
956
6511
10706
10824
2596
2746
5032
3671
4680
7587
2352
1653
3542
1731
9737
6205
1406
1157
634
7591
9868
10155
10085
3230
4155
1922
11514
11838
4015
6412
10929
9068
5984
4932
4128
12879
311
1865
11306
5066
12223
1285
10208
12435
3946
10241
11923
12324
7331
1053
1095
417
9180
8048
4883
7877
10636
7822
1249
11144
4911
9710
3763
10879
10255
12661
10174
8429
10792
1704
1982
2193
7031
8819
8762
9165
7481
3604
11517
1740
11158
7415
598
6489
2731
2780
6735
4196
6520
5471
4089
3888
11280
8006
2080
10794
850
633
396
7816
10759
3650
7225
8131
3032
9329
6775
5976
2640
2462
2061
11192
2772
6050
5694
2013
9458
9977
187
2588
7656
5867
10511
10957
3240
10359
11710
5850
10054
8180
522
10424
9693
7330
4647
6327
5586
2732
1574
8944
2586
437
10877
10577
1848
12851
10004
906
7361
1245
3564
3992
1822
4074
9024
12260
2326
9378
5880
5818
11942
11706
12153
11588
7123
7976
11617
545
10939
3933
4320
1879
840
7504
12106
6352
8914
154
7787
910
3189
2841
670
6507
5630
6567
11618
561
10885
9509
8905
11217
5923
5680
6387
8063
4955
3326
12277
6842
6560
2620
4478
6024
8800
327
7994
7764
5647
4346
9218
5953
9762
10007
6831
1861
7880
6796
9894
1129
7374
4386
5450
420
5759
971
3623
2237
10522
8070
2668
10202
2533
1073
5873
10259
5088
3499
10561
10827
9994
1520
9443
7313
9269
914
12047
6393
3724
7221
11149
2011
9293
4725
1997
10116
11436
11011
5488
9847
6197
6437
5708
8956
2327
1815
4081
10556
7380
395
9055
12178
5611
9398
7632
5645
10606
10335
977
10610
12798
5080
12166
1525
748
8705
8499
5544
3421
755
3262
7884
1308
12543
3327
11103
5504
1207
9083
986
501
12351
1880
9955
3293
3972
8146
3322
5785
3864
11265
9279
6279
3244
4135
10579
11228
2108
11868
9645
12000
214
4528
1430
6265
8780
9121
12004
9485
2382
6485
2831
3797
11614
2104
4791
8390
6371
8562
4553
5491
3583
8343
5224
3957
9927
9454
9302
12317
11587
1692
8902
2643
738
5741
11229
10013
388
1260
6947
636
5855
9089
3419
3450
6759
6648
1639
6201
4958
6836
3277
11184
5195
261
8128
9632
11556
2844
6694
1098
2150
10595
3479
1306
12627
711
8886
12197
4265
6208
7901
9937
313
7974
2093
2156
2321
3728
7823
6080
6336
7355
11287
8547
9779
6054
8851
11105
6241
1730
2895
859
6075
4819
6169
546
2241
4748
1044
2617
12878
2956
5022
97
10911
9348
3663
8238
10375
3902
4477
10344
1403
1929
9706
10449
2173
7541
3071
11191
4018
6929
6938
11816
9473
2591
1623
6592
3518
5322
7740
4855
10101
5316
12674
9808
11330
2955
5015
5299
2491
8396
3791
1440
6787
3903
7507
8795
4258
11245
6182
10782
5199
12168
11551
7488
3576
12164
11277
3319
9401
5886
4494
9595
4983
11252
11295
4032
10370
9377
4740
3414
11796
2468
2451
10654
368
424
1956
8567
2199
7437
10265
8584
1120
5218
8317
6986
1624
5206
7924
3967
9042
2130
11770
6537
8865
3145
958
10347
10615
1026
2145
8593
11676
4999
688
69
5996
75
9852
1187
3187
12224
12626
6793
10767
5480
8971
11291
8064
11177
3645
9224
1912
9601
1303
11110
2721
4195
12643
6792
4820
2681
6884
3001
8729
237
12130
2910
12872
3006
6420
5641
9800
9418
1628
11299
9545
3169
10457
1530
12031
2654
168
1767
5076
6652
11041
1920
12475
7378
4583
2604
12049
12295
9300
2496
5266
12536
9270
6542
8885
7282
8191
9141
9337
12214
2653
10353
3751
5516
2519
12389
2849
2121
10266
12108
7728
7093
10998
9146
2008
1436
2675
4337
597
1637
3067
6029
12688
9245
7605
1190
5579
8115
9594
5859
8741
8403
4087
4884
3381
8574
3461
11027
2239
5528
7558
4267
7302
5933
11536
458
182
9957
269
6761
7779
2142
9
8197
11142
542
5493
8867
2026
151
6098
6748
2356
4776
6993
11021
3897
1671
2814
10816
3877
8226
5251
1726
3676
329
715
10727
7606
1138
6399
1453
6905
12883
2249
5627
12657
11139
2873
4518
210
11719
6308
3409
9819
9356
2615
5253
3842
3925
6237
12310
6069
8665
11904
4158
4487
8721
11189
3867
11070
4082
4721
1662
9585
505
6092
1462
9734
553
525
4497
10862
12289
11746
191
4544
5193
712
12363
4614
11012
8392
2265
5025
12350
6726
7338
2220
4862
599
12553
1258
4574
2943
6351
9095
7538
11683
5442
9564
4648
9954
7211
5973
7510
264
2036
1596
2848
2684
10742
3917
794
12819
680
11222
7056
6891
9578
7855
1555
9161
716
6384
5260
4529
10078
12288
9406
10188
4343
7048
8182
9353
713
7570
8038
1944
7833
5861
12515
11728
8806
9790
7781
7185
3732
2159
11204
1410
7851
12471
12059
5617
12564
8493
7526
11279
12244
3561
7484
3953
799
2215
11747
11717
1820
11443
3416
3905
3630
568
9314
9514
12760
2548
3197
8860
11540
12725
8617
1473
12584
1625
569
8977
590
8693
5701
3245
4467
9120
8545
9143
5178
1055
8185
9621
6705
10695
8134
3117
12579
9835
3582
2971
6928
4439
6266
11483
1407
12772
8750
8319
605
4649
6414
3577
6449
11381
6832
8094
11637
11495
8308
7084
10820
2687
10809
9697
11235
7413
10594
9535
1188
9041
175
5352
5796
7543
4034
1872
10592
1547
2301
11402
8294
3437
8388
3766
1268
12354
7148
8712
724
9785
8441
4284
4086
6733
10951
9292
1976
4102
130
5972
9997
207
4019
4280
7476
2523
12727
6418
8897
5365
9591
10904
7035
11777
1782
4885
2308
2099
12826
9206
2098
5961
5751
2577
2236
10510
3631
8397
9782
6094
10166
1100
7926
8605
7721
8109
1033
11986
7218
5281
3332
10559
2000
732
1559
1127
8419
3827
12452
1359
582
10063
2973
11764
248
4181
11225
9069
12852
1218
7525
10147
8840
10709
3558
8550
3589
6321
10393
4031
8999
8391
12336
2619
4228
10305
1800
3033
9784
8500
1686
9013
8240
512
1769
4310
6483
9857
1297
9537
9477
6187
7038
5176
10738
4460
9360
10124
4302
7651
11275
11354
6440
3979
277
4991
5664
1342
6096
12101
1710
12060
12179
10752
10825
2934
4843
6898
7090
7919
5587
4894
10829
757
9718
10881
10258
8564
1801
6042
2539
7015
8485
4250
540
6373
7325
3150
4957
4749
235
8126
845
5693
11740
6678
12453
10276
12846
750
2282
6236
10273
10989
6314
1170
12455
3959
8554
518
3554
7353
7402
6590
12849
2748
102
2147
10294
11031
9340
1378
2475
592
12208
10468
10200
131
12863
5975
9519
7567
6269
4664
163
1401
7252
12676
2234
99
11975
11723
2335
11210
12005
6904
8386
8377
10156
1617
10263
12652
1400
9030
11356
2968
4145
5673
2925
6612
4131
10003
10679
1567
1275
11113
9811
8045
6085
9142
10282
3220
12285
5335
12134
11082
9731
11892
12790
1786
9613
11805
7636
7244
1977
12616
11951
10710
6101
232
403
3614
1544
1180
7804
6115
11950
531
5660
8790
7336
2881
9611
1343
275
143
12265
11900
11290
9021
1021
7452
12671
2413
4260
742
7800
2922
5158
9352
2699
5841
3883
4017
6158
4929
2512
7695
3919
2312
7372
9791
7076
10585
9027
11970
1545
4224
1414
5330
7684
3788
245
6341
11633
3709
12118
6686
11384
4948
1195
5194
6038
3948
11348
8228
10343
3916
11689
4770
3055
2808
12437
10190
7867
7226
1216
146
7119
318
1703
4972
7522
3806
10441
9478
9315
5913
5917
7911
10954
10358
1031
2440
964
10105
4475
4785
3377
400
6257
2296
1629
7216
12461
9732
5138
9908
4783
11504
7373
11357
5094
4727
7727
9392
3104
3119
7671
3204
5774
9917
7149
10037
3899
3065
1564
2938
920
2453
696
10110
1549
4515
8872
8445
2343
6052
383
10518
7527
12375
3052
11550
3720
12065
8023
1217
5502
4101
5207
7738
3053
10735
4357
12574
4281
10409
12207
972
2369
935
11005
12426
1843
6224
1486
7811
5728
7640
8188
10364
5944
2112
6525
11674
1165
833
8928
10239
4659
4491
9370
3585
6691
7685
9778
2461
6744
876
6325
9572
8254
6824
3994
6923
8479
9291
180
12591
6945
998
2967
1435
9961
9829
7275
82
3716
12413
8512
5191
11939
3037
12820
1408
3531
477
7085
2880
1418
4044
3772
3215
12301
681
8447
9940
5710
4052
10203
6794
3129
4317
6651
11823
12568
7607
11102
6146
2044
453
2065
3128
10698
9958
2190
10723
795
10030
10763
3385
11227
12718
8810
9550
10524
4841
8087
5211
10027
8498
10513
1466
10493
4440
3930
4904
5010
6977
1050
11513
12146
11912
7513
9799
274
968
107
1369
3847
4007
5103
12306
4837
12078
11943
1007
1087
5966
3347
5421
2316
12496
11342
8707
2415
7286
1923
4126
2253
1154
6021
293
11794
11317
3028
12248
284
12219
1482
7301
11035
9026
8680
4679
4384
2124
622
8893
3418
10574
4329
2471
10722
281
2401
10267
9154
5870
508
8324
2580
10057
2063
5832
2380
6423
4833
6350
4339
8561
8775
12143
11264
10754
7250
1248
10523
8974
11441
3366
1422
3094
6729
2767
539
2736
2487
9242
3639
6320
7259
9711
10971
4682
5328
10614
8175
922
11193
10286
3502
12659
5518
6662
12791
4572
6337
8369
8588
391
6204
8247
7742
1543
6163
7458
5789
3441
2695
5941
1201
5985
9947
9668
6730
1805
5781
6149
8516
6289
8052
1150
10122
6512
11780
10623
6753
10912
12792
9501
4312
10581
5671
4622
10965
6482
11564
11916
12468
10635
664
2891
8460
11074
12052
2635
12896
10499
9529
6306
7706
7581
3609
10930
12343
9463
1438
7630
6498
219
1776
3458
989
10826
8359
10121
10913
9497
944
3515
8125
5261
6062
2052
3424
4650
4451
10095
6135
2272
10996
10955
4688
20
2194
3643
7998
8336
10073
5552
11
3014
306
11616
2120
11086
9334
6901
11002
1395
2408
12079
6318
9544
12225
521
7174
4890
11629
1078
2341
7379
7956
3407
8268
12259
7576
12087
4561
807
1738
9530
11190
6772
4251
10637
2578
6372
2114
6528
6395
399
11231
509
11528
3406
1037
10620
352
11896
5294
10839
1000
10086
3830
338
8682
4545
4431
3826
9953
12357
11919
12137
10757
11376
731
8103
11476
3410
10797
2035
39
9000
1409
6776
6684
12257
12148
3802
4607
2609
12684
1456
7825
1601
4540
3937
8465
4980
589
12774
5171
12433
162
530
4768
10818
7563
9508
8606
1375
6376
5846
2933
1636
5001
8654
2723
8142
7505
10962
818
5263
9448
7240
2240
445
7459
3600
9682
9389
8731
3977
3679
464
6681
2553
3089
5438
6319
8212
8935
11533
1593
12752
4216
12081
4666
852
9551
7456
9346
7005
1330
5016
10257
7654
9526
12394
10354
3998
1744
4000
11028
9918
8018
10928
1246
7462
3386
7873
10702
3113
1860
9145
8172
8464
11307
3190
1467
5702
12388
4450
2717
9070
2370
3697
4906
11276
9616
12887
5425
8467
11253
122
4207
2493
1992
9989
2605
12521
4042
2507
5346
3057
5847
9003
10042
12554
7674
2152
10550
9543
6474
5724
8463
9262
5239
5529
5278
10483
9672
9883
12809
10575
11814
9707
6972
4616
6951
6360
8337
9860
1586
9581
5046
7396
10264
2263
10629
8334
12880
1523
10923
815
8129
768
4863
6103
5077
1580
11244
11444
3207
301
2870
328
7047
11913
12738
5851
2996
6291
2247
6897
8825
4875
3018
4655
4330
2700
8035
11596
4970
2970
8859
10453
9972
4811
11699
3573
7190
6925
11918
8490
10361
2713
2656
3626
12745
349
3838
7468
7130
4418
12276
6499
8521
11843
8069
671
9135
6150
1247
4103
619
6582
10634
2827
2990
6506
2452
6655
10214
12681
1604
4674
12690
10950
4642
12294
623
4502
5817
1838
11440
11636
7422
11828
105
5937
12651
10416
1669
12154
9505
11059
2359
1489
4435
3091
7308
9432
6155
5431
11091
8395
4669
6304
2191
12794
5884
7900
89
1089
4414
11852
5887
8207
12721
8462
3876
6461
9009
2012
220
7276
6219
12793
10137
3725
2270
6160
6978
4927
297
2227
3428
6365
817
12297
7019
6364
8675
12268
9549
8313
9177
9986
7741
1924
4762
8021
11292
11060
8489
1304
8730
1773
9221
2861
506
5904
5926
11230
2201
4275
10183
1126
644
5325
12040
2256
6595
2188
8210
7763
3521
3707
1542
7501
4480
4511
8229
1399
3932
9054
1551
9524
4394
8456
12454
1869
9717
6722
7342
10033
11164
7150
11471
6581
10851
3575
5991
3547
4801
4767
1907
684
945
7294
1008
4549
1361
12522
3352
7724
7296
6200
2212
7060
12462
5227
616
4712
3235
1973
2803
5538
2280
4766
12593
4681
9152
5222
5368
6804
1576
10640
9541
9137
9168
7758
7973
10219
7440
4060
9907
9515
4930
6008
4290
5481
687
6488
959
324
11101
12416
6894
4599
844
12818
9685
836
7163
2217
8785
11096
1691
12783
572
5965
4161
734
9220
9399
1076
9990
11577
8099
2863
12538
7941
5541
7555
4756
5947
6409
6216
3696
12634
3464
905
5715
7018
4877
7769
1825
7492
8989
11147
8890
6271
5414
7433
5559
9199
638
10665
11961
4534
2330
2371
12678
5028
12313
3045
10471
12287
2074
3799
3180
9073
11809
9888
3559
10269
8566
11254
10161
5172
1472
9924
3844
12669
11725
5023
8046
485
11917
5089
12445
5950
10935
11744
12581
7369
2809
11775
10558
6577
9240
4212
11902
11505
8596
12434
6786
3851
2607
3506
8221
4810
12091
10246
473
7891
7078
9461
10236
7971
4635
129
9281
2897
4539
9984
11885
8406
5922
9853
5473
3718
10844
1010
5390
8251
12056
5295
10991
2662
2907
414
10131
12095
9230
3730
1025
8827
4389
5326
7193
11424
9098
4653
11757
3344
8761
5370
6870
8842
7105
1237
320
4897
157
9934
9776
5997
3029
3533
11748
2175
7269
8813
8058
1488
3530
12763
5496
8282
6494
11404
4693
413
2944
2031
4383
2290
5748
7807
527
12441
9023
9646
4969
8662
740
7860
2435
2546
6805
2075
7197
9235
11369
3708
3171
1429
7189
12157
88
7239
1071
8728
4006
4094
6619
5345
8843
12777
5269
3447
3241
12267
12160
3672
7595
6041
1957
265
12465
1141
7249
7932
11652
5743
2404
3680
6634
550
6251
11659
9714
723
10515
1299
397
3288
1278
2663
12377
3231
3387
787
8478
11323
4117
11905
5090
2015
9412
1649
5786
9217
6570
7930
8727
211
3116
12764
7370
5441
814
6742
3619
975
9205
2479
5402
8951
6005
2125
12749
2982
4364
1206
326
9064
6354
9885
7834
5275
373
6885
2728
8839
11523
4741
2170
2980
8037
5433
11972
3167
9258
11419
10624
1793
1081
2010
1718
8236
12026
824
4426
1568
9034
12566
296
6723
8820
1609
7562
11000
3740
10999
3771
33
12024
9185
12771
2243
9191
677
9457
3353
260
321
2638
7228
10341
1463
9838
743
6602
7872
1953
12003
